$\theta$ True IC Fitted IC N T True Value $\hat{\theta}$ $SE_\theta$ $\hat{SE}$ Bias RB RMSE cov pow
Z21 Null FreeParm 200 5 1.2 1.201 0.033 0.031 0.001 0.001 0.033 0.927 1
Z31 Null FreeParm 200 5 0.8 0.801 0.033 0.036 0.001 0.002 0.033 0.96 1
Z52 Null FreeParm 200 5 0.9 0.9 0.059 0.059 0 0 0.059 0.941 1
Z62 Null FreeParm 200 5 1.1 1.101 0.053 0.052 0.001 0.001 0.053 0.938 1
V11 Null FreeParm 200 5 0.05 0.477 0.053 0.049 0.427 8.545 0.43 0 1
V21 Null FreeParm 200 5 0.02 0.096 0.033 0.031 0.076 3.787 0.083 0.308 0.873
V22 Null FreeParm 200 5 0.05 0.498 0.057 0.053 0.448 8.969 0.452 0 1
T11 Null FreeParm 200 5 1.2 1.2 0.031 0.031 0 0 0.031 0.952 1
T21 Null FreeParm 200 5 -0.4 -0.402 0.034 0.041 -0.002 0.004 0.034 0.983 1
T12 Null FreeParm 200 5 0.6 0.601 0.054 0.056 0.001 0.001 0.054 0.96 1
T22 Null FreeParm 200 5 0.7 0.697 0.047 0.046 -0.003 -0.004 0.047 0.946 1
U11 Null FreeParm 200 5 0.8 0.801 0.041 0.042 0.001 0.001 0.041 0.972 1
U22 Null FreeParm 200 5 0.6 0.598 0.037 0.037 -0.002 -0.003 0.037 0.935 1
U33 Null FreeParm 200 5 2 2.005 0.092 0.093 0.005 0.002 0.092 0.955 1
U44 Null FreeParm 200 5 1 1 0.051 0.052 0 0 0.051 0.963 1
U55 Null FreeParm 200 5 1.5 1.5 0.073 0.072 0 0 0.073 0.941 1
U66 Null FreeParm 200 5 0.4 0.397 0.031 0.03 -0.003 -0.008 0.031 0.935 1
Z21 Null FreeParm 200 5 1 0.002 0.029 0.028 -0.998 -0.998 0.998 0 0.073
Z31 Null FreeParm 200 5 0.5 0 0.03 0.03 -0.5 -1 0.501 0 0.042
Z52 Null FreeParm 200 5 1.2 0 0 0 -1.2 -1 1.2 0 0.054
Z62 Null FreeParm 200 5 0.3 0 0 0 -0.3 -1 0.3 0 0.048
V11 Null FreeParm 200 5 0.7 0.005 0.011 0.007 -0.695 -0.993 0.695 0 0.025
V21 Null Null 200 5 1.2 1.202 0.033 0.031 0.002 0.002 0.033 0.924 1
V22 Null Null 200 5 0.8 0.802 0.034 0.036 0.002 0.002 0.034 0.966 1
T11 Null Null 200 5 0.9 0.899 0.06 0.059 -0.001 -0.001 0.06 0.936 1
T21 Null Null 200 5 1.1 1.099 0.053 0.052 -0.001 -0.001 0.053 0.936 1
T12 Null Null 200 5 0.05 0.478 0.051 0.049 0.428 8.565 0.431 0 1
T22 Null Null 200 5 0.02 0.096 0.033 0.031 0.076 3.813 0.083 0.31 0.88
U11 Null Null 200 5 0.05 0.5 0.055 0.053 0.45 8.992 0.453 0 1
U22 Null Null 200 5 1.2 1.199 0.03 0.031 -0.001 0 0.03 0.954 1
U33 Null Null 200 5 -0.4 -0.402 0.034 0.041 -0.002 0.005 0.034 0.988 1
U44 Null Null 200 5 0.6 0.601 0.056 0.056 0.001 0.002 0.055 0.954 1
U55 Null Null 200 5 0.7 0.697 0.047 0.046 -0.003 -0.005 0.047 0.944 1
U66 Null Null 200 5 0.8 0.801 0.043 0.042 0.001 0.002 0.043 0.96 1
X01 Null Null 200 5 0.6 0.599 0.038 0.037 -0.001 -0.002 0.038 0.938 1
X02 Null Null 200 5 2 2.002 0.092 0.093 0.002 0.001 0.092 0.952 1
P011 Null Null 200 5 1 1.003 0.05 0.052 0.003 0.003 0.05 0.96 1
P012 Null Null 200 5 1.5 1.499 0.075 0.072 -0.001 -0.001 0.074 0.942 1
P022 Null Null 200 5 0.4 0.401 0.029 0.029 0.001 0.001 0.029 0.944 1
Z21 Null deJong 200 5 1.2 1.113 0.029 0.027 -0.087 -0.072 0.091 0.126 1
Z31 Null deJong 200 5 0.8 0.743 0.032 0.033 -0.057 -0.071 0.065 0.61 1
Z52 Null deJong 200 5 0.9 0.714 0.045 0.045 -0.186 -0.207 0.192 0.02 1
Z62 Null deJong 200 5 1.1 0.841 0.04 0.036 -0.259 -0.236 0.262 0 1
V11 Null deJong 200 5 0.05 0.704 0.066 0.067 0.654 13.079 0.657 0 1
V21 Null deJong 200 5 0.02 0.157 0.052 0.045 0.137 6.838 0.146 0.17 0.914
V22 Null deJong 200 5 0.05 0.743 0.07 0.07 0.693 13.855 0.696 0 1
T11 Null deJong 200 5 1.2 1.13 0.031 0.031 -0.07 -0.058 0.076 0.372 1
T21 Null deJong 200 5 -0.4 -0.421 0.033 0.042 -0.021 0.052 0.039 0.974 1
T12 Null deJong 200 5 0.6 0.483 0.044 0.045 -0.117 -0.195 0.125 0.254 1
T22 Null deJong 200 5 0.7 0.617 0.045 0.044 -0.083 -0.119 0.095 0.544 1
U11 Null deJong 200 5 0.8 0.781 0.048 0.046 -0.019 -0.024 0.051 0.918 1
U22 Null deJong 200 5 0.6 0.608 0.046 0.045 0.008 0.013 0.047 0.948 1
U33 Null deJong 200 5 2 2.004 0.093 0.095 0.004 0.002 0.093 0.952 1
U44 Null deJong 200 5 1 0.921 0.058 0.059 -0.079 -0.079 0.098 0.728 1
U55 Null deJong 200 5 1.5 1.506 0.076 0.075 0.006 0.004 0.076 0.944 1
U66 Null deJong 200 5 0.4 0.477 0.043 0.04 0.077 0.192 0.088 0.496 1
Z21 Null EKF 200 5 1.2 1.113 0.029 0.027 -0.087 -0.072 0.091 0.126 1
Z31 Null EKF 200 5 0.8 0.743 0.032 0.033 -0.057 -0.071 0.065 0.61 1
Z52 Null EKF 200 5 0.9 0.714 0.045 0.045 -0.186 -0.207 0.192 0.02 1
Z62 Null EKF 200 5 1.1 0.841 0.04 0.036 -0.259 -0.236 0.262 0 1
V11 Null EKF 200 5 0.05 0.704 0.066 0.067 0.654 13.079 0.657 0 1
V21 Null EKF 200 5 0.02 0.157 0.052 0.045 0.137 6.838 0.146 0.17 0.914
V22 Null EKF 200 5 0.05 0.743 0.07 0.07 0.693 13.855 0.696 0 1
T11 Null EKF 200 5 1.2 1.13 0.031 0.031 -0.07 -0.058 0.076 0.372 1
T21 Null EKF 200 5 -0.4 -0.421 0.033 0.042 -0.021 0.052 0.039 0.974 1
T12 Null EKF 200 5 0.6 0.483 0.044 0.045 -0.117 -0.195 0.125 0.254 1
T22 Null EKF 200 5 0.7 0.617 0.045 0.044 -0.083 -0.119 0.095 0.544 1
U11 Null EKF 200 5 0.8 0.781 0.048 0.046 -0.019 -0.024 0.051 0.918 1
U22 Null EKF 200 5 0.6 0.608 0.046 0.045 0.008 0.013 0.047 0.948 1
U33 Null EKF 200 5 2 2.004 0.093 0.095 0.004 0.002 0.093 0.952 1
U44 Null EKF 200 5 1 0.921 0.058 0.059 -0.079 -0.079 0.098 0.728 1
U55 Null EKF 200 5 1.5 1.506 0.076 0.075 0.006 0.004 0.076 0.944 1
U66 Null EKF 200 5 0.4 0.477 0.043 0.04 0.077 0.192 0.088 0.496 1
Z21 Null largeK 200 5 1.2 1.113 0.029 0.027 -0.087 -0.072 0.091 0.126 1
Z31 Null largeK 200 5 0.8 0.743 0.032 0.033 -0.057 -0.071 0.065 0.61 1
Z52 Null largeK 200 5 0.9 0.714 0.045 0.045 -0.186 -0.207 0.192 0.02 1
Z62 Null largeK 200 5 1.1 0.841 0.04 0.036 -0.259 -0.235 0.262 0 1
V11 Null largeK 200 5 0.05 0.704 0.066 0.067 0.654 13.077 0.657 0 1
V21 Null largeK 200 5 0.02 0.157 0.052 0.045 0.137 6.836 0.146 0.17 0.914
V22 Null largeK 200 5 0.05 0.743 0.07 0.07 0.693 13.852 0.696 0 1
T11 Null largeK 200 5 1.2 1.13 0.031 0.031 -0.07 -0.058 0.076 0.372 1
T21 Null largeK 200 5 -0.4 -0.421 0.033 0.042 -0.021 0.052 0.039 0.974 1
T12 Null largeK 200 5 0.6 0.483 0.044 0.045 -0.117 -0.195 0.125 0.254 1
T22 Null largeK 200 5 0.7 0.617 0.045 0.044 -0.083 -0.119 0.094 0.544 1
U11 Null largeK 200 5 0.8 0.781 0.048 0.046 -0.019 -0.024 0.051 0.918 1
U22 Null largeK 200 5 0.6 0.608 0.046 0.045 0.008 0.013 0.047 0.948 1
U33 Null largeK 200 5 2 2.004 0.093 0.095 0.004 0.002 0.093 0.952 1
U44 Null largeK 200 5 1 0.921 0.058 0.059 -0.079 -0.079 0.098 0.73 1
U55 Null largeK 200 5 1.5 1.506 0.076 0.075 0.006 0.004 0.076 0.944 1
U66 Null largeK 200 5 0.4 0.477 0.043 0.04 0.077 0.192 0.088 0.496 1
Z21 Null FreeParm 20 50 1.2 1.2 0.004 0.004 0 0 0.004 0.968 1
Z31 Null FreeParm 20 50 0.8 0.8 0.005 0.005 0 0 0.005 0.943 1
Z52 Null FreeParm 20 50 0.9 0.9 0.006 0.006 0 0 0.006 0.95 1
Z62 Null FreeParm 20 50 1.1 1.1 0.004 0.005 0 0 0.004 0.968 1
V11 Null FreeParm 20 50 0.05 0.477 0.036 0.043 0.427 8.533 0.428 0 1
V21 Null FreeParm 20 50 0.02 0.095 0.027 0.027 0.075 3.75 0.08 0.234 0.936
V22 Null FreeParm 20 50 0.05 0.497 0.038 0.036 0.447 8.943 0.449 0 1
T11 Null FreeParm 20 50 1.2 1.199 0.003 0.003 -0.001 0 0.003 0.965 1
T21 Null FreeParm 20 50 -0.4 -0.4 0.003 0.004 0 0 0.003 0.989 1
T12 Null FreeParm 20 50 0.6 0.6 0.004 0.004 0 -0.001 0.004 0.957 1
T22 Null FreeParm 20 50 0.7 0.7 0.004 0.003 0 -0.001 0.004 0.94 1
U11 Null FreeParm 20 50 0.8 0.798 0.041 0.043 -0.002 -0.003 0.041 0.965 1
U22 Null FreeParm 20 50 0.6 0.595 0.039 0.039 -0.005 -0.008 0.039 0.936 1
U33 Null FreeParm 20 50 2 2.001 0.089 0.093 0.001 0.001 0.089 0.957 1
U44 Null FreeParm 20 50 1 1.002 0.052 0.052 0.002 0.002 0.052 0.954 1
U55 Null FreeParm 20 50 1.5 1.496 0.075 0.072 -0.004 -0.003 0.075 0.94 1
U66 Null FreeParm 20 50 0.4 0.397 0.031 0.031 -0.003 -0.007 0.031 0.936 1
Z21 Null FreeParm 20 50 1 -0.004 0.092 0.091 -1.004 -1.004 1.008 0 0.067
Z31 Null FreeParm 20 50 0.5 -0.005 0.094 0.099 -0.505 -1.011 0.514 0 0.032
Z52 Null FreeParm 20 50 1.2 0.014 0.023 0.023 -1.186 -0.988 1.186 0 0.085
Z62 Null FreeParm 20 50 0.3 -0.003 0.016 0.018 -0.303 -1.008 0.303 0 0.064
V11 Null FreeParm 20 50 0.7 0.021 0.031 0.032 -0.679 -0.971 0.68 0 0.035
V21 Null Null 20 50 1.2 1.2 0.004 0.004 0 0 0.004 0.969 1
V22 Null Null 20 50 0.8 0.8 0.005 0.005 0 0 0.005 0.945 1
T11 Null Null 20 50 0.9 0.9 0.006 0.006 0 0 0.006 0.956 1
T21 Null Null 20 50 1.1 1.1 0.005 0.005 0 0 0.005 0.966 1
T12 Null Null 20 50 0.05 0.477 0.036 0.043 0.427 8.537 0.428 0 1
T22 Null Null 20 50 0.02 0.094 0.027 0.027 0.074 3.696 0.079 0.232 0.935
U11 Null Null 20 50 0.05 0.497 0.037 0.036 0.447 8.937 0.448 0 1
U22 Null Null 20 50 1.2 1.199 0.003 0.003 -0.001 0 0.003 0.962 1
U33 Null Null 20 50 -0.4 -0.4 0.003 0.004 0 0 0.003 0.99 1
U44 Null Null 20 50 0.6 0.6 0.004 0.004 0 0 0.004 0.952 1
U55 Null Null 20 50 0.7 0.7 0.004 0.003 0 -0.001 0.004 0.945 1
U66 Null Null 20 50 0.8 0.798 0.042 0.043 -0.002 -0.002 0.042 0.962 1
Z21 Null Null 20 50 0.6 0.596 0.039 0.039 -0.004 -0.007 0.039 0.932 1
Z31 Null Null 20 50 2 2 0.089 0.093 0 0 0.088 0.956 1
Z52 Null Null 20 50 1 1.004 0.053 0.052 0.004 0.004 0.053 0.949 1
Z62 Null Null 20 50 1.5 1.497 0.074 0.072 -0.003 -0.002 0.074 0.945 1
V11 Null Null 20 50 0.4 0.398 0.03 0.031 -0.002 -0.004 0.03 0.949 1
V21 Null deJong 20 50 1.2 1.2 0.004 0.004 0 0 0.004 0.963 1
V22 Null deJong 20 50 0.8 0.8 0.005 0.005 0 0 0.005 0.941 1
T11 Null deJong 20 50 0.9 0.9 0.006 0.006 0 0 0.006 0.944 1
T21 Null deJong 20 50 1.1 1.1 0.004 0.005 0 0 0.004 0.957 1
T12 Null deJong 20 50 0.05 0.476 0.037 0.044 0.426 8.529 0.428 0 1
T22 Null deJong 20 50 0.02 0.094 0.027 0.028 0.074 3.709 0.079 0.226 0.926
U11 Null deJong 20 50 0.05 0.497 0.037 0.036 0.447 8.934 0.448 0 1
U22 Null deJong 20 50 1.2 1.2 0.003 0.003 0 0 0.003 0.954 1
U33 Null deJong 20 50 -0.4 -0.4 0.003 0.004 0 0 0.003 0.991 1
U44 Null deJong 20 50 0.6 0.6 0.004 0.004 0 0 0.004 0.96 1
U55 Null deJong 20 50 0.7 0.7 0.003 0.003 0 -0.001 0.003 0.947 1
U66 Null deJong 20 50 0.8 0.799 0.041 0.043 -0.001 -0.001 0.041 0.957 1
X01 Null deJong 20 50 0.6 0.596 0.041 0.04 -0.004 -0.007 0.041 0.923 1
X02 Null deJong 20 50 2 2.002 0.089 0.093 0.002 0.001 0.089 0.963 1
P011 Null deJong 20 50 1 1.004 0.052 0.052 0.004 0.004 0.053 0.957 1
P012 Null deJong 20 50 1.5 1.496 0.074 0.072 -0.004 -0.003 0.074 0.957 1
P022 Null deJong 20 50 0.4 0.4 0.031 0.032 0 -0.001 0.03 0.95 1
Z21 Null EKF 20 50 1.2 1.2 0.004 0.004 0 0 0.004 0.976 1
Z31 Null EKF 20 50 0.8 0.8 0.005 0.005 0 0 0.005 0.948 1
Z52 Null EKF 20 50 0.9 0.9 0.006 0.006 0 0 0.006 0.958 1
Z62 Null EKF 20 50 1.1 1.1 0.005 0.005 0 0 0.005 0.962 1
V11 Null EKF 20 50 0.05 0.477 0.037 0.044 0.427 8.549 0.429 0 1
V21 Null EKF 20 50 0.02 0.094 0.027 0.028 0.074 3.676 0.078 0.247 0.916
V22 Null EKF 20 50 0.05 0.497 0.038 0.036 0.447 8.947 0.449 0 1
T11 Null EKF 20 50 1.2 1.199 0.003 0.003 -0.001 -0.001 0.003 0.962 1
T21 Null EKF 20 50 -0.4 -0.4 0.003 0.004 0 0 0.003 0.99 1
T12 Null EKF 20 50 0.6 0.6 0.004 0.004 0 0 0.004 0.951 1
T22 Null EKF 20 50 0.7 0.7 0.004 0.003 0 -0.001 0.004 0.944 1
U11 Null EKF 20 50 0.8 0.798 0.041 0.043 -0.002 -0.002 0.041 0.955 1
U22 Null EKF 20 50 0.6 0.595 0.04 0.04 -0.005 -0.008 0.04 0.93 1
U33 Null EKF 20 50 2 2.001 0.088 0.093 0.001 0.001 0.088 0.969 1
U44 Null EKF 20 50 1 1.003 0.053 0.052 0.003 0.003 0.053 0.951 1
U55 Null EKF 20 50 1.5 1.497 0.075 0.072 -0.003 -0.002 0.075 0.944 1
U66 Null EKF 20 50 0.4 0.399 0.031 0.032 -0.001 -0.003 0.031 0.948 1
Z21 Null largeK 20 50 1.2 1.2 0.004 0.004 0 0 0.004 0.972 1
Z31 Null largeK 20 50 0.8 0.8 0.005 0.005 0 0 0.005 0.948 1
Z52 Null largeK 20 50 0.9 0.9 0.006 0.006 0 0 0.006 0.955 1
Z62 Null largeK 20 50 1.1 1.1 0.005 0.005 0 0 0.005 0.962 1
V11 Null largeK 20 50 0.05 0.478 0.036 0.044 0.428 8.556 0.429 0 1
V21 Null largeK 20 50 0.02 0.094 0.027 0.028 0.074 3.677 0.078 0.247 0.917
V22 Null largeK 20 50 0.05 0.498 0.038 0.036 0.448 8.954 0.449 0 1
T11 Null largeK 20 50 1.2 1.199 0.003 0.003 -0.001 -0.001 0.003 0.962 1
T21 Null largeK 20 50 -0.4 -0.4 0.003 0.004 0 0 0.003 0.99 1
T12 Null largeK 20 50 0.6 0.6 0.004 0.004 0 0 0.004 0.951 1
T22 Null largeK 20 50 0.7 0.7 0.004 0.003 0 -0.001 0.004 0.944 1
U11 Null largeK 20 50 0.8 0.798 0.041 0.043 -0.002 -0.003 0.041 0.955 1
U22 Null largeK 20 50 0.6 0.595 0.04 0.04 -0.005 -0.008 0.04 0.931 1
U33 Null largeK 20 50 2 2.002 0.089 0.093 0.002 0.001 0.088 0.969 1
U44 Null largeK 20 50 1 1.003 0.053 0.052 0.003 0.003 0.053 0.955 1
U55 Null largeK 20 50 1.5 1.496 0.075 0.072 -0.004 -0.003 0.075 0.944 1
U66 Null largeK 20 50 0.4 0.399 0.031 0.032 -0.001 -0.003 0.031 0.948 1
